biomass_7000_0(178, 44) = 5.1880000936E-6;
biomass_7000_0(184, 46) = 3.280002901E-6;
biomass_8000_0 = sparse(200, 200);
biomass_8000_0(51, 141) = 8.8358836689E-6;
biomass_8000_0(163, 59) = 8.8175733375E-6;
biomass_8000_0(56, 29) = 8.8202232706E-6;
biomass_8000_0(79, 133) = 8.8681266002E-6;
biomass_8000_0(153, 86) = 8.8096826168E-6;
biomass_8000_0(124, 74) = 8.8117705804E-6;
biomass_8000_0(77, 35) = 8.8368632996E-6;
biomass_8000_0(46, 151) = 8.8861419028E-6;
biomass_8000_0(74, 121) = 8.898067625E-6;
biomass_8000_0(139, 35) = 8.8172824283E-6;
biomass_8000_0(181, 45) = 8.8135542815E-6;
biomass_8000_0(151, 181) = 8.8235463406E-6;
biomass_8000_0(136, 166) = 8.8160636001E-6;
biomass_8000_0(39, 25) = 8.8856449967E-6;
biomass_8000_0(46, 45) = 8.8708508973E-6;
biomass_8000_0(109, 100) = 8.813905345E-6;
biomass_8000_0(24, 96) = 8.917994979E-6;
biomass_8000_0(102, 36) = 8.8427775272E-6;
biomass_8000_0(103, 26) = 8.8232504427E-6;
biomass_8000_0(139, 34) = 8.8191881331E-6;
biomass_8000_0(138, 35) = 8.8173104522E-6;
biomass_8000_0(140, 35) = 8.8179451342E-6;
biomass_8000_0(139, 36) = 8.8147155899E-6;
biomass_8000_0(46, 150) = 8.8776707592E-6;
biomass_8000_0(45, 151) = 8.8898177522E-6;
biomass_8000_0(47, 151) = 8.8820332846E-6;
biomass_8000_0(46, 152) = 8.8932763797E-6;
biomass_8000_0(124, 73) = 8.812055127E-6;
biomass_8000_0(123, 74) = 8.811441961E-6;
biomass_8000_0(125, 74) = 8.8110718801E-6;
biomass_8000_0(124, 75) = 8.8109268538E-6;
biomass_8000_0(153, 85) = 8.809469008E-6;
biomass_8000_0(152, 86) = 8.8072982769E-6;
biomass_8000_0(154, 86) = 8.8124378908E-6;
biomass_8000_0(153, 87) = 8.8094816796E-6;
biomass_8000_0(163, 58) = 8.8138493532E-6;
biomass_8000_0(162, 59) = 8.8150767133E-6;
biomass_8000_0(164, 59) = 8.820597162E-6;
biomass_8000_0(163, 60) = 8.8188818046E-6;
biomass_8000_0(103, 25) = 8.8285270614E-6;
biomass_8000_0(102, 26) = 8.8267987131E-6;
biomass_8000_0(104, 26) = 8.8212027906E-6;
biomass_8000_0(103, 27) = 8.8179694738E-6;
biomass_8000_0(51, 140) = 8.8377758559E-6;
biomass_8000_0(50, 141) = 8.8353846573E-6;
biomass_8000_0(52, 141) = 8.8363578957E-6;
biomass_8000_0(51, 142) = 8.8330245478E-6;
biomass_8000_0(79, 132) = 8.8617970549E-6;
biomass_8000_0(78, 133) = 8.8606317126E-6;
biomass_8000_0(80, 133) = 8.8745747521E-6;
biomass_8000_0(79, 134) = 8.8734090811E-6;
biomass_8000_0(46, 44) = 8.8620196898E-6;
biomass_8000_0(45, 45) = 8.8767335596E-6;
biomass_8000_0(47, 45) = 8.864357936E-6;
biomass_8000_0(46, 46) = 8.8788882537E-6;
biomass_8000_0(24, 95) = 8.9184796647E-6;
biomass_8000_0(23, 96) = 8.9190055796E-6;
biomass_8000_0(25, 96) = 8.9163504202E-6;
biomass_8000_0(24, 97) = 8.9166133425E-6;
biomass_8000_0(77, 34) = 8.8338139933E-6;
biomass_8000_0(76, 35) = 8.8352330875E-6;
biomass_8000_0(78, 35) = 8.8374400121E-6;
biomass_8000_0(77, 36) = 8.8407124329E-6;
biomass_8000_0(39, 24) = 8.8925339639E-6;
biomass_8000_0(38, 25) = 8.8911546164E-6;
biomass_8000_0(40, 25) = 8.8767450565E-6;
biomass_8000_0(39, 26) = 8.8762567498E-6;
biomass_8000_0(102, 35) = 8.8311818739E-6;
biomass_8000_0(101, 36) = 8.850939102E-6;
biomass_8000_0(103, 36) = 8.8329347092E-6;
biomass_8000_0(102, 37) = 8.8513390907E-6;
biomass_8000_0(56, 28) = 8.8230158275E-6;
biomass_8000_0(55, 29) = 8.8195626301E-6;
biomass_8000_0(57, 29) = 8.8203364794E-6;
biomass_8000_0(56, 30) = 8.8171516383E-6;
biomass_8000_0(181, 44) = 8.8154874545E-6;
biomass_8000_0(180, 45) = 8.814564644E-6;
biomass_8000_0(182, 45) = 8.812576959E-6;
biomass_8000_0(181, 46) = 8.8097729541E-6;
biomass_8000_0(45, 150) = 8.8819371272E-6;
biomass_8000_0(44, 151) = 8.8930721778E-6;
biomass_8000_0(45, 152) = 8.8961129927E-6;
biomass_8000_0(74, 120) = 8.9096244711E-6;
biomass_8000_0(73, 121) = 8.8986132816E-6;
biomass_8000_0(75, 121) = 8.8978907983E-6;
biomass_8000_0(74, 122) = 8.883544425E-6;
biomass_8000_0(151, 180) = 8.8193255255E-6;
biomass_8000_0(150, 181) = 8.8211302543E-6;
biomass_8000_0(152, 181) = 8.8239038064E-6;
biomass_8000_0(151, 182) = 8.8290322044E-6;
biomass_8000_0(153, 84) = 8.8090756814E-6;
biomass_8000_0(152, 85) = 8.8070199532E-6;
biomass_8000_0(154, 85) = 8.8121319131E-6;
biomass_8000_0(155, 86) = 8.8155218617E-6;
biomass_8000_0(154, 87) = 8.8119347198E-6;
biomass_8000_0(46, 149) = 8.8678115015E-6;
biomass_8000_0(47, 150) = 8.8728142832E-6;
biomass_8000_0(125, 73) = 8.8111897513E-6;
biomass_8000_0(126, 74) = 8.8097677557E-6;
biomass_8000_0(125, 75) = 8.8103333841E-6;
biomass_8000_0(152, 87) = 8.8070752902E-6;
biomass_8000_0(153, 88) = 8.8085629958E-6;
biomass_8000_0(138, 36) = 8.8133343646E-6;
biomass_8000_0(140, 36) = 8.8153644075E-6;
biomass_8000_0(139, 37) = 8.8119484884E-6;
biomass_8000_0(151, 86) = 8.8046205919E-6;
biomass_8000_0(48, 151) = 8.8773216434E-6;
biomass_8000_0(47, 152) = 8.8901074196E-6;
biomass_8000_0(162, 58) = 8.811858056E-6;
biomass_8000_0(161, 59) = 8.8128725747E-6;
biomass_8000_0(162, 60) = 8.8163610396E-6;
biomass_8000_0(123, 75) = 8.8102558591E-6;
biomass_8000_0(124, 76) = 8.8089079772E-6;
biomass_8000_0(104, 25) = 8.8270243246E-6;
biomass_8000_0(105, 26) = 8.8202927962E-6;
biomass_8000_0(104, 27) = 8.8152330783E-6;
biomass_8000_0(163, 57) = 8.8092474995E-6;
biomass_8000_0(164, 58) = 8.816326533E-6;
biomass_8000_0(164, 60) = 8.8213159537E-6;
biomass_8000_0(163, 61) = 8.8165084594E-6;
biomass_8000_0(123, 73) = 8.8117000408E-6;
biomass_8000_0(122, 74) = 8.8107933413E-6;
biomass_8000_0(46, 153) = 8.8992758627E-6;
biomass_8000_0(102, 27) = 8.8209633051E-6;
biomass_8000_0(103, 28) = 8.8130081818E-6;
biomass_8000_0(78, 132) = 8.8546624341E-6;
biomass_8000_0(77, 133) = 8.8522884023E-6;
biomass_8000_0(78, 134) = 8.8653883555E-6;
biomass_8000_0(102, 25) = 8.8334732787E-6;
biomass_8000_0(101, 26) = 8.8307199455E-6;
biomass_8000_0(23, 97) = 8.9178120026E-6;
biomass_8000_0(25, 97) = 8.9150500232E-6;
biomass_8000_0(24, 98) = 8.914305884E-6;
biomass_8000_0(124, 72) = 8.8118915308E-6;
biomass_8000_0(103, 24) = 8.8326547056E-6;
biomass_8000_0(45, 46) = 8.884728306E-6;
biomass_8000_0(47, 46) = 8.8721755746E-6;
biomass_8000_0(46, 47) = 8.8862078512E-6;
biomass_8000_0(138, 34) = 8.8212108792E-6;
biomass_8000_0(137, 35) = 8.8173438759E-6;
biomass_8000_0(80, 132) = 8.8682461943E-6;
biomass_8000_0(81, 133) = 8.879906671E-6;
biomass_8000_0(80, 134) = 8.8799350126E-6;
biomass_8000_0(23, 95) = 8.9193831033E-6;
biomass_8000_0(22, 96) = 8.9194548946E-6;
biomass_8000_0(155, 87) = 8.8143778621E-6;
biomass_8000_0(154, 88) = 8.8110149468E-6;
biomass_8000_0(24, 94) = 8.9180595084E-6;
biomass_8000_0(25, 95) = 8.9166572066E-6;
biomass_8000_0(154, 84) = 8.8089220191E-6;
biomass_8000_0(155, 85) = 8.8158246305E-6;
biomass_8000_0(50, 140) = 8.8379168329E-6;
biomass_8000_0(49, 141) = 8.8349502661E-6;
biomass_8000_0(50, 142) = 8.8316863684E-6;
biomass_8000_0(52, 142) = 8.8345102025E-6;
biomass_8000_0(51, 143) = 8.8290534539E-6;
biomass_8000_0(26, 96) = 8.9138518623E-6;
biomass_8000_0(45, 44) = 8.8677793403E-6;
biomass_8000_0(44, 45) = 8.8821572642E-6;
biomass_8000_0(165, 59) = 8.825047328E-6;
biomass_8000_0(45, 149) = 8.8724804704E-6;
biomass_8000_0(44, 150) = 8.8856096192E-6;
biomass_8000_0(152, 84) = 8.8062258066E-6;
biomass_8000_0(151, 85) = 8.8041264638E-6;
biomass_8000_0(139, 33) = 8.8188859426E-6;
biomass_8000_0(140, 34) = 8.8194105486E-6;
biomass_8000_0(151, 87) = 8.8042736658E-6;
biomass_8000_0(152, 88) = 8.8061426551E-6;
biomass_8000_0(48, 152) = 8.8863393529E-6;
biomass_8000_0(47, 153) = 8.8971646525E-6;
biomass_8000_0(76, 36) = 8.8383422202E-6;
biomass_8000_0(78, 36) = 8.8421994619E-6;
biomass_8000_0(77, 37) = 8.8462362156E-6;
biomass_8000_0(126, 75) = 8.8094830302E-6;
biomass_8000_0(125, 76) = 8.8082372138E-6;
biomass_8000_0(153, 83) = 8.8122540889E-6;
biomass_8000_0(77, 33) = 8.8311771413E-6;
biomass_8000_0(76, 34) = 8.8326493851E-6;
biomass_8000_0(78, 34) = 8.8337141349E-6;
biomass_8000_0(79, 135) = 8.8775517413E-6;
biomass_8000_0(46, 43) = 8.8522820003E-6;
biomass_8000_0(47, 44) = 8.8558303583E-6;
biomass_8000_0(52, 140) = 8.8374912949E-6;
biomass_8000_0(53, 141) = 8.8364537392E-6;
